91.0 0.0 57.0 0.0 1.0 0.0 0.0 0.0 9.0 0.0 0.0 0.0
23.0 0.0 90.0 0.0 0.0 0.0 1.0 0.0 0.0 0.0 10.0 0.0
44.0 0.0 78.0 0.0 0.0 0.0 1.0 0.0 0.0 0.0 22.0 0.0
60.0 0.0 94.0 0.0 0.0 0.0 1.0 0.0 0.0 0.0 6.0 0.0
53.0 0.0 87.0 0.0 0.0 0.0 1.0 0.0 0.0 0.0 13.0 0.0
49.0 0.0 83.0 0.0 0.0 0.0 1.0 0.0 0.0 0.0 17.0 0.0
93.0 0.0 59.0 0.0 1.0 0.0 0.0 0.0 7.0 0.0 0.0 0.0
56.0 0.0 90.0 0.0 0.0 0.0 1.0 0.0 0.0 0.0 10.0 0.0
21.0 0.0 55.0 0.0 0.0 0.0 1.0 0.0 0.0 0.0 45.0 0.0
80.0 0.0 46.0 0.0 1.0 0.0 0.0 0.0 20.0 0.0 0.0 0.0
